Teacher_Under5yrs	College_Crit
79.5	-1
76.4	-1
85.3	-1
45.5	-1
15.5	-1
20.2	-1
18.4	-1
45.4	-1
24.3	-1
41.9	-1
21.7	-1
91.7	-1
85.5	-1
25.9	-1
71.6	-1
48.5	-1
27.4	-1
35.7	-1
52	-1
39.8	-1
58.1	-1
64.7	-1
42.1	-1
19.7	-1
28.4	-1
9.6	-1
75.9	-1
100	-1
41.9	-1
25.2	-1
6.5	-1
48.5	-1
33.1	-1
44.1	-1
21.9	-1
57.1	-1
79.8	-1
32	-1
43.8	-1
30.3	-1
7.5	-1
17.4	-1
63.4	-1
30.5	-1
25.7	-1
36.5	-1
48.7	-1
31.6	-1
27.9	-1
50	-1
32.1	-1
29.3	0
22.7	0
54.5	0
24.6	0
32.4	0
40.3	0
48	0
56.3	0
50.5	0
46	0
18	0
34	0
45.4	0
69.5	0
93.7	0
23.3	0
24	0
25.5	0
25	0
57	0
47.5	0
32.5	0
36.3	0
86.9	0
35.8	0
48.6	0
60.1	0
66.4	0
85.1	0
47.8	0
31.6	0
43.7	0
26.3	0
21	0
33.5	0
24.6	0
83.4	0
54.9	0
80.9	0
35	0
44.8	0
59.4	0
36.8	0
86.4	0
36.8	0
24.1	0
53.5	0
45.6	0
63.3	0
26.9	0
35.9	0
35.1	0
42	0
18.5	0
67	0
22.7	0
22.8	0
41.9	0
23.5	0
43.9	0
35.5	0
21.4	0
35.9	0
31.4	0
18.5	0
14.2	0
41.2	0
22.4	0
26.3	0
25	1.3
38	1.8
54.9	1.8
44.2	1.9
43	2
40.3	2.1
44.6	2.1
56.2	2.2
43.3	2.4
31.6	2.4
42.2	2.4
20.4	2.4
30.7	2.4
30.2	2.5
41.4	2.6
88.9	2.6
53.1	2.7
86.9	2.8
45.1	2.8
91.9	2.9
62.4	2.9
98.9	3
66.4	3
36.1	3
46.9	3
31.2	3
42.9	3.1
46.6	3.2
29.9	3.2
28.7	3.5
24.1	3.5
25.5	3.6
52	3.8
96.4	4
38	4
29.9	4.1
44.5	4.2
29.7	4.2
34.9	4.3
19.8	4.3
18.4	4.3
34.9	4.3
37.2	4.5
59	4.5
72.6	4.5
34.1	4.7
39.4	4.7
90.5	4.8
44.2	4.8
49.8	4.8
37.3	4.9
37.9	4.9
26.3	4.9
34.3	5
48	5.1
32.8	5.2
44.9	5.2
25.6	5.2
29.1	5.2
27.5	5.3
24.2	5.4
44	5.4
43.4	5.6
35.1	5.6
31.7	5.6
52.4	5.6
53.8	5.7
30.1	5.8
25.5	5.9
51.3	5.9
27.2	5.9
23.2	6
33.7	6.2
72.5	6.3
31	6.3
26.2	6.4
36.5	6.5
19.8	6.6
46.8	6.6
43.4	6.7
72.8	6.7
92.5	6.7
29.5	6.7
50.3	6.7
45.8	6.7
27.4	6.7
52.8	6.7
38.6	6.8
.	6.8
46.6	6.9
30.7	7
19.8	7
49.6	7.1
37.1	7.1
16.1	7.1
36.4	7.1
30.1	7.1
36.1	7.4
45.7	7.4
34.4	7.4
25.3	7.5
24.9	7.7
53.8	7.7
28.8	7.7
31.8	7.7
31.6	7.7
19.4	7.7
36.8	7.7
35.4	7.7
53.5	7.7
43	7.7
47.7	7.7
12.5	7.7
35.7	7.7
35.1	7.7
24	7.7
44.2	7.8
50.3	7.9
30.3	8
20.3	8
16.8	8
52	8
37.1	8.1
89.3	8.3
15.9	8.3
47.7	8.3
47	8.3
27.3	8.3
41.7	8.3
30.3	8.3
34.5	8.3
60.6	8.3
20.7	8.3
19.1	8.3
35.9	8.3
31.1	8.4
44.7	8.4
35.1	8.5
62	8.5
44.8	8.5
30.8	8.5
15.6	8.7
20.8	8.8
39.2	8.8
44	8.9
37.9	9
27.9	9.1
25	9.1
38.1	9.1
20.4	9.1
52.2	9.1
31.3	9.1
60.8	9.1
48.5	9.1
20.7	9.1
46.3	9.1
31.9	9.1
21.5	9.2
27.2	9.3
42.6	9.3
22.2	9.3
29.2	9.3
49.8	9.4
24	9.4
32.4	9.4
34.1	9.5
25.9	9.5
22.2	9.5
27.8	9.5
47.5	9.5
15.4	9.5
34.6	9.6
28.3	9.7
72.8	9.7
43.7	9.7
24	9.7
25.4	9.7
27.7	9.8
31.3	9.8
37.4	9.9
42.9	10
23	10
59.7	10
58.1	10
28.3	10
28.5	10
37	10
46.4	10
54.8	10
21.9	10
33.3	10
18.8	10
34.2	10
30.9	10
21.2	10
26.3	10
37.9	10
66.1	10.1
23.4	10.1
26.4	10.1
37.6	10.1
31.1	10.2
37.2	10.3
21.5	10.3
40.9	10.4
19.2	10.4
32.2	10.5
56.4	10.5
56.5	10.5
36.8	10.5
42	10.6
24.4	10.6
37.1	10.7
36.3	10.7
37.4	10.7
38	10.7
18.4	10.8
26.8	10.9
36.7	11
42.3	11.1
48.1	11.1
34.1	11.1
31.7	11.1
33	11.1
25.5	11.1
44.6	11.1
47.4	11.1
19.2	11.1
24.5	11.1
22	11.1
17.3	11.3
38.1	11.3
33.8	11.4
34.4	11.4
43.6	11.4
22.6	11.5
19.4	11.5
35.6	11.6
34.9	11.6
27.3	11.7
36	11.8
34.3	11.8
7.4	11.8
19.2	11.9
23	11.9
33.6	12
39.1	12
36.5	12
34.4	12
23.2	12
37.3	12
44.9	12.1
24.7	12.2
23.8	12.2
31.6	12.2
28.5	12.3
42.6	12.4
43	12.4
20	12.5
49.7	12.5
37	12.5
28.4	12.5
29.9	12.5
29.3	12.5
50.5	12.5
30.3	12.5
41.6	12.5
42.1	12.5
11.4	12.5
20.8	12.5
22.9	12.5
51.1	12.5
28.1	12.5
31.5	12.5
29.3	12.5
23.5	12.5
39	12.6
24.2	12.7
81	12.8
27.7	12.8
46.8	12.8
33.7	12.8
37	12.9
32.2	12.9
33.9	13
43.2	13
23.9	13
76.3	13.2
83.9	13.3
22.3	13.3
27.1	13.3
43.5	13.3
48.7	13.3
33.7	13.3
21.8	13.3
43.7	13.3
10.1	13.3
46	13.4
48.2	13.4
40.2	13.5
36.3	13.5
30.3	13.6
28.1	13.6
32.5	13.7
21.8	13.8
48.7	13.8
31.3	13.8
17.8	13.8
12.8	13.8
43	13.8
40	14
41	14.2
31.5	14.3
42.9	14.3
19.2	14.3
6	14.3
33.4	14.3
55.1	14.3
36.7	14.3
30	14.3
25.5	14.3
11.8	14.3
35.4	14.3
38.3	14.3
41	14.3
26.9	14.3
47.6	14.3
22	14.3
25.2	14.3
30.8	14.3
76.2	14.4
56.3	14.5
46.6	14.5
37.4	14.6
45.8	14.6
38.8	14.6
49.8	14.6
22.1	14.7
45.3	14.7
25.5	14.7
47.8	14.7
28.2	14.8
41.1	14.8
22.6	14.8
33.8	14.8
38.7	14.8
19.4	15
26.1	15
50.8	15
21.2	15
27.4	15
34.6	15
35.5	15
47.7	15.1
38.5	15.1
33.2	15.1
18.1	15.2
31.8	15.2
47.2	15.3
26.6	15.3
46.8	15.3
21.3	15.4
21.1	15.4
17.7	15.4
34.3	15.4
32.9	15.4
39.9	15.4
34.6	15.4
36	15.5
42.5	15.5
21.2	15.5
25	15.6
18.2	15.6
25.3	15.6
31.2	15.7
33.6	15.7
54.2	15.8
28.4	15.8
92.6	15.9
40.9	15.9
41	15.9
28.5	15.9
20.3	16
40.3	16
22.8	16.1
26.6	16.1
30.5	16.1
34.7	16.1
12.7	16.1
33.8	16.1
20.4	16.2
43.4	16.3
8.4	16.3
23.2	16.3
29.9	16.3
25.9	16.4
31.2	16.4
33.8	16.4
47.3	16.4
42.2	16.7
27.9	16.7
20.6	16.7
21.2	16.7
54.7	16.7
43.4	16.7
31.1	16.7
23.3	16.7
68.8	16.7
4.3	16.7
21	16.7
17.3	16.7
26.3	16.7
25.8	16.7
24.9	16.7
27.2	16.7
33.9	16.7
30.7	16.7
56	16.7
61.4	16.7
54.6	16.7
39.8	16.7
35.3	16.7
32.4	16.7
39.4	16.9
29	17
31.3	17.1
29.1	17.1
49.3	17.2
24	17.2
28.2	17.2
23.8	17.2
29.7	17.3
44.4	17.3
34.6	17.4
21.9	17.4
26.4	17.4
43.3	17.5
39.6	17.6
42.2	17.6
33.3	17.6
14.3	17.6
23.9	17.6
26.2	17.6
74.6	17.6
49.7	17.6
30.8	17.6
39.3	17.7
35.2	17.8
39.9	17.8
29.6	17.9
19.5	17.9
19.6	17.9
21.2	18
32.2	18.1
44.9	18.2
23	18.2
25	18.2
14.5	18.2
18.1	18.2
23.5	18.2
16.9	18.2
32.7	18.2
40	18.2
7.9	18.2
87.7	18.3
39.8	18.3
27.2	18.4
83.4	18.4
30.7	18.4
19.3	18.5
36.8	18.5
39.9	18.6
43	18.7
19.2	18.8
39.9	18.8
28.8	18.9
44.4	18.9
43.1	18.9
31	19
24.8	19
29.9	19
41.2	19.2
19.4	19.2
39.4	19.4
34.9	19.4
20.3	19.4
16.7	19.5
42.7	19.5
37.2	19.5
28.5	19.5
24.5	19.6
16.4	19.6
31	19.6
37.1	19.7
34.6	19.8
27.8	20
16.6	20
15.9	20
53.8	20
49.7	20
27.5	20
33.8	20
27.1	20
30.7	20
40.6	20
20.2	20
43.4	20
23.5	20
40.3	20
41.6	20
41.2	20
24	20
14.6	20
38.9	20
18.8	20
17.5	20
30.3	20.1
27.9	20.3
24.1	20.5
34	20.5
33.9	20.5
29.4	20.6
38.9	20.6
43.3	20.7
40.1	20.7
27.6	20.7
23.3	20.7
34.2	20.8
32.5	20.8
39.3	20.8
24.6	20.8
38.8	20.8
18.3	20.8
21	20.8
42.2	20.8
31.6	21
32.7	21.1
31.7	21.1
22.2	21.1
36.5	21.2
8.3	21.2
35.8	21.2
48.4	21.3
32	21.3
59	21.4
65.2	21.4
44.9	21.4
29.3	21.5
86.3	21.5
28.4	21.5
28	21.6
22.1	21.6
30	21.6
34.6	21.7
24.5	21.7
22	21.7
31.4	21.9
36.3	21.9
41.1	21.9
26.8	22
35.5	22.1
32.2	22.1
25.3	22.1
25.6	22.2
13.7	22.2
58.1	22.2
28.7	22.2
23.5	22.2
48	22.2
41	22.2
18.3	22.2
19.8	22.2
25.8	22.2
32.7	22.2
29.9	22.2
6.6	22.2
19	22.2
35.9	22.2
31.2	22.2
12.6	22.2
30.8	22.3
33.6	22.5
28.1	22.6
39.2	22.6
30.2	22.7
31.8	22.7
33.4	22.7
31	22.8
20.3	22.9
23.5	22.9
29.8	22.9
31.1	23
30.4	23
37.1	23
24.4	23
27.6	23
25.9	23.1
27.4	23.1
38.7	23.1
24.1	23.1
33.4	23.1
51.2	23.1
10.1	23.2
35	23.2
20.3	23.3
29.4	23.3
20.9	23.4
34.3	23.4
45.8	23.4
36.4	23.5
40	23.5
26.2	23.5
33.7	23.5
15.4	23.5
30.5	23.5
32.5	23.6
30.2	23.6
31	23.7
12.4	23.9
36	24
42.2	24
16.7	24.1
26.4	24.1
27.3	24.1
26.5	24.3
27.8	24.4
20.2	24.4
14.6	24.4
24.9	24.5
35.6	24.5
43.3	24.9
16.7	25
24	25
37.1	25
30.1	25
18.3	25
30.8	25
34.7	25
19.8	25
24.7	25
20.6	25
17	25
11.5	25
59.9	25
34.1	25
20	25
40	25.1
33	25.1
45.6	25.2
80.9	25.3
20.4	25.3
31.3	25.3
25.8	25.5
35.9	25.5
40.2	25.5
38.3	25.6
18.8	25.6
25.8	25.6
31.8	25.6
23	25.7
27.8	25.7
16.6	25.8
24.1	25.8
48.9	25.9
23.9	25.9
24.7	25.9
19.6	25.9
29.3	26
30.1	26
10.6	26.1
15.6	26.1
26.2	26.1
33.6	26.2
15.8	26.2
30.5	26.2
37.3	26.7
27	26.7
79.4	26.7
34.8	26.7
24.7	26.8
23.9	26.9
22.3	26.9
21.5	26.9
30	27
41.8	27.1
38.4	27.1
23.8	27.2
30.2	27.3
24.4	27.3
19.6	27.3
22.1	27.3
26.8	27.3
40.6	27.3
24.8	27.4
39.5	27.6
34.3	27.8
36.7	27.8
33.7	27.9
32.8	27.9
8.3	28
43.7	28
29.3	28
40.8	28.1
26.2	28.1
44.6	28.1
28.1	28.2
23	28.4
28	28.5
14.5	28.6
42.3	28.6
20.1	28.6
30.1	28.6
26.5	28.6
22.1	28.6
33.5	28.6
20.4	28.8
31	28.9
30.9	28.9
19.2	28.9
24.8	28.9
37.3	29
39.5	29.1
41.5	29.1
24.6	29.3
20.2	29.4
30.3	29.4
22.1	29.4
32.3	29.4
38.6	29.4
25.8	29.6
32	29.6
39.2	29.7
20.7	29.7
29.6	29.7
24.5	29.9
19.3	30
86.1	30
20	30
22.2	30
38.3	30
36.2	30.2
36.7	30.3
46.4	30.3
86	30.4
31.5	30.4
24.9	30.5
27.5	30.6
37.1	30.6
28.2	30.6
30.1	30.8
23.8	30.8
12.3	30.8
32.7	30.9
36.4	31
17.5	31
39.9	31
27.6	31.1
22.2	31.3
15.9	31.3
86.2	31.3
24.3	31.4
60.5	31.6
34.5	31.8
21.1	31.9
27.9	31.9
20.2	32.1
15.5	32.1
16.2	32.3
29	32.3
47.1	32.4
18.4	32.4
13.7	32.5
23.2	32.6
81.1	32.7
33.9	32.8
25.8	32.8
30.7	33
37.6	33.1
27	33.1
18.5	33.3
39.6	33.3
42.7	33.3
28.9	33.3
17.1	33.3
62.6	33.3
25.2	33.3
23.2	33.3
25.7	33.3
12.8	33.3
27.9	33.6
30.5	33.6
26.2	33.6
79.5	34
24.8	34.3
28.2	34.3
30.9	34.3
25.4	34.5
46.8	34.5
20.4	34.5
29.5	34.5
31.2	34.6
35.3	34.6
23.6	34.8
31.8	34.9
27.6	34.9
86.2	35
26	35
30.8	35
19.3	35.2
16	35.3
21	35.3
41.3	35.3
23.6	35.3
25.1	35.4
25.6	35.4
12.7	35.6
23.7	35.8
23.1	35.8
32.2	36
30.6	36.1
26	36.1
24	36.2
23.3	36.3
87.6	36.4
19.9	36.4
27	36.4
36.8	36.4
19.9	36.5
33.6	36.5
32.5	36.5
21.2	36.6
24.6	36.7
11.4	36.7
13.3	36.8
23.3	36.8
25.8	36.9
14.3	37
26.2	37
28.6	37.1
32.5	37.2
26.3	37.3
0	37.5
20.8	37.5
21.9	37.5
20	37.8
22.7	37.8
15.5	38.1
22.5	38.4
31.2	38.4
47.2	38.5
33.7	38.8
15.6	38.9
10.5	38.9
28.5	39.1
12.4	39.1
30.9	39.3
36	39.4
28.3	39.4
17.6	39.9
31	39.9
29.3	40
29.7	40
70.6	40
19.3	40
32.1	40
35		40
16.8	40
15.8	40
31.9	40.3
24.7	40.4
35.1	40.7
11.5	40.7
85		41.3
24.5	41.4
25.5	41.4
29		41.5
21.1	42.1
33		42.3
20		42.6
24.7	42.9
39.2	43.4
100		43.9
38.7	44.4
35.2	44.4
31		45.3
12.9	45.3
22.2	45.5
31.7	45.5
23.6	45.5
16.1	45.8
22.8	46.2
33.8	46.4
20		46.7
21.7	46.7
26.3	47.4
20.1	48
11		48
27		48.1
29.5	48.1
28.2	48.4
28.3	49.3
30		50
11.8	50
29.8	50
27		50.3
18.2	50.3
37.3	50.3
25		50.4
35.1	51
34.8	51.2
43.8	51.9
73.9	52
40.1	53.3
20.8	53.3
27.4	53.6
24.4	53.8
20.7	54.7
18.2	54.8
33	    55.1
23.2	55.5
25.8	56.1
32.9	56.4
14.2	56.5
31.9	56.7
49.7	57.1
5.1	    60
36.6	60
15.5	60.8
29.3	64.1
24.2	64.7
24.1	66
40.9	66.7
40.9	66.7
59	    69.1
92.3	70.6
20.1	75.2
23		76.7
23		79.4